{
    "name": "unnamed",
    "author": "unkown",
    "states": [
        "pos",
        "neg",
        "gnm"
    ],
    "inits": {
        "pos": -1.5849625007211563,
        "neg": -1.5849625007211563,
        "gnm": -1.5849625007211563
    },
    "terms": {
        "pos": -1.5849625007211563,
        "neg": -1.5849625007211563,
        "gnm": -1.5849625007211563
    },
    "transitions": {
        "pos": {
            "pos": -0.004817016297775795,
            "gnm": -9.228818690495881
        },
        "neg": {
            "neg": -0.004817016297775795,
            "gnm": -9.228818690495881
        },
        "gnm": {
            "pos": -10.965784284662087,
            "neg": -10.965784284662087,
            "gnm": -0.0014434168696687186
        }
    },
    "emissions": {
        "pos": {
            "AA": -4.837887295650026,
            "AC": -4.594317319135195,
            "AG": -3.4682234341014047,
            "AT": -5.341832832642311,
            "CA": -3.8282526815616733,
            "CC": -3.4292809019433657,
            "CG": -4.664115499695687,
            "CT": -3.8573517249689884,
            "GA": -3.8428960787423407,
            "GC": -3.5016303111867506,
            "GG": -2.8196691159521867,
            "GT": -4.137652724333437,
            "TA": -5.969004847892164,
            "TC": -4.345145566683146,
            "TG": -3.551323128806213,
            "TT": -5.056285173481448
        },
        "neg": {
            "AA": -4.948687779231096,
            "AC": -4.133628192448458,
            "AG": -3.8137323335019135,
            "AT": -5.230383011647672,
            "CA": -3.5311176485090616,
            "CC": -2.9749990563469435,
            "CG": -4.761908921312491,
            "CT": -3.481027673155274,
            "GA": -4.3763337860103295,
            "GC": -3.509589842333897,
            "GG": -3.4198453648418408,
            "GT": -4.457478599466849,
            "TA": -5.634894112084912,
            "TC": -3.874807910253682,
            "TG": -3.766369882808145,
            "TT": -4.791479526654785
        },
        "gnm": {
            "AA": -4.0,
            "AC": -4.0,
            "AG": -4.0,
            "AT": -4.0,
            "CA": -4.0,
            "CC": -4.0,
            "CG": -4.0,
            "CT": -4.0,
            "GA": -4.0,
            "GC": -4.0,
            "GG": -4.0,
            "GT": -4.0,
            "TA": -4.0,
            "TC": -4.0,
            "TG": -4.0,
            "TT": -4.0
        }
    }
}
